000000000008
000000000013
000000000022
000000000024
000000000029
000000000032
000000000035
000000000039
000000000045
000000000050
000000000054
000000000070
000000000087
000000000093
000000000097
000000000104
000000000118
000000000132
000000000140
000000000141
000000000146
000000000152
000000000158
000000000159
000000000166
000000000170
000000000172
000000000176
000000000179
000000000186
000000000200
000000000207
000000000209
000000000211
000000000217
000000000218
000000000223
000000000225
000000000226
000000000233
000000000235
000000000238
000000000243
000000000246
000000000249
000000000252
000000000256
000000000266
000000000267
000000000272
000000000273
000000000280
000000000291
000000000292
000000000296
000000000298
000000000301
000000000313
000000000323
000000000327
000000000331
000000000335
000000000343
000000000344
000000000346
000000000351
000000000352
000000000355
000000000358
000000000361
000000000372
000000000379
000000000383
000000000388
000000000398
000000000402
000000000409
000000000410
000000000412
000000000413
000000000425
000000000433
000000000435
000000000455
000000000464
000000000465
000000000466
000000000470
000000000473
000000000477
000000000481
000000000498
000000000501
000000000503
000000000506
000000000512
