000000001368
000000004406
000000014841
000000018236
000000020310
000000021024
000000023567
000000024874
000000027754
000000028070
000000029451
000000029682
000000031881
000000043590
000000044854
000000048527
000000051475
000000052092
000000054120
000000054802
000000056407
000000058230
000000060073
000000061187
000000061835
000000063257
000000065682
000000068585
000000072178
000000072497
000000075464
000000077725
000000078203
000000080772
000000083100
000000084939
000000086144
000000089539
000000090531
000000103489
000000104934
000000105355
000000107830
000000108515
000000112908
000000114983
000000117193
000000119831
000000119912
000000122288
000000122610
000000124860
000000125178
000000125287
000000127000
000000127682
000000128925
000000132819
000000136385
000000137736
000000140401
000000150738
000000151889
000000153501
000000156989
000000157025
000000157079
000000162437
000000163399
000000168410
000000168535
000000172741
000000175163
000000175526
000000180604
000000180804
000000181785
000000182165
000000182543
000000183001
000000184785
000000188598
000000194271
000000194743
000000202283
000000212925
000000212942
000000214861
000000215047
000000215305
000000218502
000000219110
000000221994
000000222393
000000225103
000000225782
000000231154
000000231650
000000232069
000000236929
000000242723
000000249164
000000250412
000000251060
000000251155
000000251526
000000252989
000000253499
000000253865
000000254798
000000255699
000000257085
000000257985
000000264559
000000265681
000000265876
000000269595
000000271455
000000272304
000000273672
000000276535
000000278267
000000278282
000000279276
000000281876
000000282753
000000283342
000000283619
000000286241
000000286796
000000292129
000000293182
000000295066
000000295721
000000299806
000000300152
000000300254
000000305232
000000307977
000000309136
000000313012
000000314081
000000317344
000000318607
000000322745
000000322851
000000323688
000000324928
000000331603
000000332445
000000333466
000000336754
000000341763
000000342879
000000346698
000000348383
000000349109
000000349628
000000353868
000000354591
000000355382
000000356876
000000357304
000000358473
000000360963
000000362171
000000362386
000000364426
000000364827
000000365215
000000367369
000000371215
000000371320
000000371709
000000375344
000000377248
000000377976
000000378242
000000380987
000000381184
000000384047
000000386806
000000389538
000000393462
000000395625
000000413706
000000416801
000000418386
000000420279
000000423326
000000424622
000000425589
000000425878
000000426333
000000426882
000000430766
000000432385
000000433524
000000433956
000000440492
000000443910
000000450382
000000456002
000000465384
000000465513
000000466978
000000467129
000000470916
000000472834
000000474057
000000476197
000000480177
000000484041
000000485146
000000489104
000000489217
000000492574
000000496131
000000496446
000000496862
000000497515
000000498656
000000499839
000000501050
000000501535
000000504794
000000506477
000000507906
000000513079
000000517860
000000517977
000000518280
000000523060
000000525755
000000530374
000000530573
000000533882
000000536931
000000539577
000000543244
000000550238
000000551035
000000552179
000000554479
000000555767
000000557361
000000562156
000000563206
000000564378
000000570114
000000570863
000000572419
000000573217
000000577435
000000580895
000000581503
