000000000008
000000000013
000000000022
000000000024
000000000029
000000000035
000000000039
000000000045
000000000050
000000000054
000000000070
000000000087
000000000093
000000000097
000000000103
000000000104
000000000118
000000000132
000000000140
000000000141
000000000146
000000000152
000000000159
000000000166
000000000170
000000000172
000000000176
000000000179
000000000186
000000000200
000000000207
000000000209
000000000211
000000000217
000000000218
000000000223
000000000225
000000000226
000000000232
000000000233
000000000235
000000000238
000000000243
000000000246
000000000249
000000000252
000000000256
000000000266
000000000272
000000000273
000000000280
000000000291
000000000292
000000000296
000000000298
000000000301
000000000313
000000000323
000000000327
000000000331
000000000335
000000000341
000000000342
000000000343
000000000344
000000000346
000000000351
000000000352
000000000355
000000000358
000000000361
000000000372
000000000379
000000000383
000000000388
000000000398
000000000402
000000000409
000000000410
000000000412
000000000413
000000000425
000000000433
000000000435
000000000455
000000000464
000000000465
000000000466
000000000470
000000000473
000000000477
000000000481
000000000498
000000000501
000000000503
000000000506
000000000512
000000000518
000000000523
000000000526
000000000537
000000000538
000000000545
000000000548
000000000557
000000000561
000000000576
000000000579
000000000580
000000000582
000000000591
000000000598
000000000600
000000000601
000000000602
000000000603
000000000611
000000000615
000000000617
000000000630
000000000633
000000000637
000000000639
000000000642
000000000645
000000000648
000000000652
000000000654
000000000666
000000000685
000000000691
000000000696
000000000698
000000000702
000000000704
000000000713
000000000717
000000000729
000000000733
000000000736
000000000737
000000000738
000000000740
000000000741
000000000745
000000000746
000000000749
000000000763
000000000767
000000000769
000000000770
000000000778
000000000782
000000000799
000000000800
000000000803
000000000806
000000000817
000000000820
000000000822
000000000832
000000000841
000000000844
000000000845
000000000846
000000000849
000000000854
000000000855
000000000857
000000000858
000000000881
000000000883
000000000893
000000000895
000000000899
000000000903
000000000916
000000000917
000000000921
000000000935
000000000936
000000000950
000000000952
000000000954
000000000956
000000000957
000000000966
000000000971
000000000973
000000000986
000000001002
000000001005
000000001007
000000001019
000000001023
000000001027
000000001032
000000001039
000000001042
000000001050
000000001051
000000001052
000000001056
000000001065
000000001066
000000001074
000000001080
000000001088
000000001091
000000001092
000000001093
000000001095
000000001105
000000001109
000000001112
000000001113
000000001114
000000001123
000000001125
000000001128
000000001131
000000001132
000000001133
000000001135
000000001143
000000001148
000000001151
000000001158
000000001160
000000001182
000000001190
000000001202
000000001206
000000001208
000000001210
000000001212
000000001214
000000001221
000000001223
000000001233
000000001234
000000001239
000000001243
000000001247
000000001249
000000001250
000000001255
000000001263
000000001272
000000001275
000000001279
000000001281
000000001288
000000001300
000000001301
000000001302
000000001303
000000001304
000000001312
000000001313
000000001316
000000001324
000000001328
000000001329
000000001334
000000001341
000000001343
000000001345
000000001348
000000001349
000000001354
000000001356
000000001358
000000001368
000000001373
000000001383
000000001391
000000001400
000000001405
000000001406
000000001409
000000001413
000000001417
000000001421
000000001426
000000001434
000000001435
000000001443
000000001445
000000001447
000000001450
000000001454
000000001465
000000001474
000000001481
000000001484
000000001491
000000001495
000000001502
000000001517
000000001519
000000001528
000000001529
000000001533
000000001534
000000001535
000000001537
000000001540
000000001543
000000001546
000000001549
000000001552
000000001556
000000001559
000000001560
000000001566
000000001567
000000001571
000000001581
000000001582
000000001603
000000001605
000000001614
000000001627
000000001631
000000001635
000000001644
000000001648
000000001651
000000001652
000000001664
000000001672
000000001673
000000001686
000000001689
000000001691
000000001692
000000001695
000000001696
000000001703
000000001704
000000001705
000000001710
000000001724
000000001726
000000001734
000000001735
000000001736
000000001738
000000001745
000000001747
000000001748
000000001753
000000001754
000000001755
000000001787
000000001788
000000001795
000000001798
000000001800
000000001805
000000001808
000000001814
000000001823
000000001824
000000001826
000000001827
000000001828
000000001829
000000001830
000000001831
000000001832
000000001833
000000001839
000000001849
000000001850
000000001859
000000001862
000000001866
000000001870
000000001871
000000001872
000000001873
000000001878
000000001879
000000001883
000000001885
000000001891
000000001893
000000001894
000000001897
000000001910
000000001929
000000001936
000000001944
000000001957
000000001964
000000001968
000000001970
000000001971
000000001973
000000001977
000000001978
000000001980
000000001983
000000001984
000000001985
000000001990
000000002000
000000002003
000000002009
000000002010
000000002017
000000002018
000000002020
000000002022
000000002026
000000002031
000000002048
000000002069
000000002070
000000002075
000000002081
000000002086
000000002088
000000002096
000000002097
000000002098
000000002104
000000002109
000000002115
000000002120
000000002121
000000002123
000000002126
000000002129
000000002134
000000002140
000000002141
000000002143
000000002158
000000002162
000000002165
000000002169
000000002180
000000002183
000000002190
000000002192
000000002194
000000002198
000000002203
000000002220
000000002221
000000002223
000000002227
000000002230
000000002245
000000002256
000000002259
000000002262
000000002263
000000002269
000000002272
000000002286
000000002289
000000002301
000000002305
000000002307
000000002308
000000002314
000000002323
000000002327
000000002332
000000002336
000000002348
000000002350
000000002351
000000002363
000000002364
000000002366
000000002370
000000002376
000000002378
000000002382
000000002384
000000002391
000000002394
000000002396
000000002398
000000002399
000000002403
000000002407
000000002416
000000002419
000000002420
000000002422
000000002424
000000002435
000000002436
000000002437
000000002468
000000002480
000000002486
000000002492
000000002494
000000002499
000000002501
000000002505
000000002510
000000002517
000000002523
000000002527
000000002538
000000002540
000000002548
000000002557
000000002561
000000002564
000000002566
000000002572
000000002573
000000002579
000000002596
000000002598
000000002599
000000002601
000000002605
000000002609
000000002612
000000002617
000000002620
000000002631
000000002637
000000002642
000000002643
000000002649
000000002651
000000002654
000000002655
000000002656
000000002659
000000002668
000000002671
000000002675
000000002682
000000002688
000000002689
000000002695
000000002699
000000002704
000000002705
000000002711
000000002714
000000002715
000000002716
000000002719
000000002722
000000002723
000000002726
000000002729
000000002731
000000002738
000000002741
000000002748
000000002749
000000002761
000000002766
000000002767
000000002775
000000002778
000000002790
000000002794
000000002807
000000002810
000000002811
000000002816
000000002817
000000002824
000000002834
000000002837
000000002844
000000002851
000000002852
000000002855
000000002858
000000002861
000000002864
000000002866
000000002868
000000002874
000000002875
000000002878
000000002895
000000002903
000000002905
000000002906
000000002911
000000002912
000000002913
000000002915
000000002919
000000002920
000000002927
000000002928
000000002929
000000002930
000000002935
000000002937
000000002956
000000002959
000000002962
000000002966
000000002967
000000002976
000000002978
000000002980
000000002987
000000002990
000000002993
000000002994
000000002995
000000002996
000000003012
000000003022
000000003025
000000003026
000000003033
000000003039
000000003041
000000003044
000000003051
000000003052
000000003054
000000003059
000000003060
000000003075
000000003078
000000003087
000000003088
000000003094
000000003101
000000003102
000000003114
000000003115
000000003127
000000003132
000000003133
000000003138
000000003142
000000003151
000000003152
000000003153
000000003154
000000003155
000000003158
000000003165
000000003170
000000003175
000000003177
000000003183
000000003187
000000003190
000000003200
000000003201
000000003202
000000003205
000000003210
000000003211
000000003218
000000003221
000000003222
000000003232
000000003233
000000003235
000000003237
000000003250
000000003254
000000003261
000000003265
000000003273
000000003274
000000003275
000000003277
000000003281
000000003285
000000003290
000000003291
000000003292
000000003297
000000003302
000000003303
000000003308
000000003309
000000003316
000000003318
000000003322
000000003323
000000003328
000000003330
000000003334
000000003343
000000003347
000000003350
000000003351
000000003354
000000003373
000000003379
000000003380
000000003387
000000003396
000000003401
000000003408
000000003409
000000003410
000000003415
000000003416
000000003417
000000003419
000000003420
000000003429
000000003435
000000003437
000000003439
000000003444
000000003446
000000003454
000000003459
000000003463
000000003467
000000003470
000000003473
000000003482
000000003484
000000003489
000000003490
000000003500
000000003503
000000003507
000000003508
000000003515
000000003522
000000003523
000000003524
000000003530
000000003537
000000003543
000000003552
000000003556
000000003557
000000003562
000000003566
000000003578
000000003583
000000003585
000000003587
000000003589
000000003598
000000003599
000000003624
000000003625
000000003639
000000003642
000000003643
000000003644
000000003650
000000003653
000000003654
000000003655
000000003663
000000003664
000000003666
000000003667
000000003674
000000003676
000000003677
000000003679
000000003683
000000003691
000000003695
000000003697
000000003700
000000003705
000000003712
000000003717
000000003721
000000003734
000000003738
000000003744
000000003752
000000003758
000000003760
000000003784
000000003787
000000003795
000000003800
000000003807
000000003808
000000003809
000000003813
000000003814
000000003815
000000003818
000000003821
000000003825
000000003826
000000003828
000000003841
000000003842
000000003843
000000003844
000000003852
000000003854
000000003863
000000003864
000000003879
000000003885
000000003890
000000003898
000000003906
000000003908
000000003909
000000003914
000000003925
000000003940
000000003944
000000003945
000000003950
000000003952
000000003953
000000003954
000000003956
000000003963
000000003970
000000003980
000000003994
000000003996
000000003998
000000004002
000000004012
000000004018
000000004028
000000004039
000000004049
000000004061
000000004062
000000004063
000000004070
000000004071
000000004073
000000004078
000000004084
000000004087
000000004089
000000004091
000000004103
000000004109
000000004110
000000004112
000000004114
000000004115
000000004118
000000004119
000000004120
000000004137
000000004144
000000004145
000000004147
000000004148
000000004150
000000004151
000000004155
000000004167
000000004190
000000004191
000000004195
000000004196
000000004199
000000004204
000000004207
000000004209
000000004216
000000004225
000000004226
000000004228
000000004240
000000004254
000000004255
000000004287
000000004291
000000004299
000000004302
000000004303
000000004314
000000004315
000000004317
000000004321
000000004324
000000004327
000000004328
000000004329
000000004330
000000004333
000000004342
000000004343
000000004350
000000004353
000000004368
000000004369
000000004371
000000004379
000000004380
000000004381
000000004384
000000004388
000000004390
000000004393
000000004400
000000004401
000000004405
000000004406
000000004409
000000004414
000000004418
000000004420
000000004425
000000004429
000000004431
000000004439
000000004448
000000004451
000000004452
000000004460
000000004461
000000004464
000000004466
000000004474
000000004479
000000004480
000000004485
000000004493
000000004496
000000004500
000000004507
000000004510
000000004511
000000004534
000000004542
000000004548
000000004558
000000004562
000000004564
000000004581
000000004583
000000004586
000000004589
000000004590
000000004598
000000004602
000000004611
000000004615
000000004618
000000004634
000000004637
000000004639
000000004640
000000004641
000000004650
000000004653
000000004661
000000004663
000000004666
000000004671
000000004675
000000004693
000000004698
000000004708
000000004712
000000004713
000000004715
000000004725
000000004743
000000004759
000000004784
000000004789
000000004797
000000004799
000000004803
000000004804
000000004806
000000004807
000000004808
000000004814
000000004815
000000004822
000000004824
000000004828
000000004837
000000004842
000000004849
000000004850
000000004861
000000004862
000000004864
000000004874
000000004886
000000004892
000000004894
000000004896
000000004899
000000004922
000000004927
000000004932
000000004937
000000004940
000000004943
000000004952
000000004953
000000004957
000000004959
000000004961
000000004969
000000004973
000000004974
000000004982
000000004985
000000004987
000000004989
000000004991
000000005006
000000005008
000000005009
000000005012
000000005027
000000005030
000000005035
000000005044
000000005045
000000005048
000000005052
000000005062
000000005063
000000005081
000000005093
000000005097
000000005117
000000005125
000000005135
000000005159
000000005161
000000005163
000000005167
000000005168
000000005177
000000005179
000000005192
000000005194
000000005196
000000005207
000000005212
000000005214
000000005232
000000005240
000000005246
000000005251
000000005252
000000005257
000000005266
000000005271
000000005275
000000005279
000000005286
000000005287
000000005291
000000005295
000000005297
000000005298
000000005306
000000005307
000000005309
000000005320
000000005327
000000005329
000000005334
000000005342
000000005351
000000005363
000000005366
000000005370
000000005378
000000005391
000000005393
000000005395
000000005397
000000005400
000000005406
000000005414
000000005417
000000005423
000000005426
000000005438
000000005444
000000005449
000000005455
000000005463
000000005465
000000005493
000000005496
000000005509
000000005514
000000005516
000000005518
000000005521
000000005530
000000005531
000000005532
000000005537
000000005541
000000005542
000000005544
000000005546
000000005547
000000005560
000000005568
000000005588
000000005593
000000005596
000000005597
000000005609
000000005611
000000005626
000000005629
000000005637
000000005645
000000005647
000000005653
000000005657
000000005659
000000005660
000000005661
000000005666
000000005677
000000005691
000000005697
000000005698
000000005709
000000005710
000000005725
000000005727
000000005732
000000005733
000000005734
000000005744
000000005748
000000005752
000000005762
000000005763
000000005770
000000005773
000000005775
000000005781
000000005790
000000005805
000000005814
000000005822
000000005825
000000005827
000000005839
000000005851
000000005871
000000005875
000000005876
000000005884
000000005885
000000005897
000000005914
000000005920
000000005926
000000005929
000000005937
000000005939
000000005954
000000005973
000000005977
000000005984
000000005985
000000005989
000000005998
000000006000
000000006011
000000006034
000000006043
000000006046
000000006052
000000006061
000000006072
000000006078
000000006080
000000006081
000000006085
000000006088
000000006090
000000006096
000000006103
000000006106
000000006109
000000006113
000000006114
000000006119
000000006124
000000006131
000000006141
000000006142
000000006143
000000006156
000000006158
000000006167
000000006169
000000006179
000000006183
000000006184
000000006185
000000006192
000000006196
000000006198
000000006203
000000006205
000000006207
000000006210
000000006223
000000006224
000000006234
000000006236
000000006244
000000006245
000000006246
000000006251
000000006252
000000006255
000000006256
000000006258
000000006260
000000006264
000000006274
000000006292
000000006301
000000006302
000000006307
000000006316
000000006320
000000006328
000000006337
000000006345
000000006354
000000006356
000000006361
000000006378
000000006388
000000006391
000000006396
000000006401
000000006408
000000006411
000000006420
000000006434
000000006438
000000006446
000000006453
000000006463
000000006468
000000006470
000000006480
000000006490
000000006506
000000006508
000000006511
000000006513
000000006514
000000006519
000000006526
000000006528
000000006533
000000006540
000000006543
000000006544
000000006549
000000006551
000000006553
000000006554
000000006576
000000006585
000000006588
000000006601
000000006606
000000006612
000000006617
000000006623
000000006624
000000006626
000000006630
000000006648
000000006649
000000006653
000000006659
000000006665
000000006666
000000006667
000000006683
000000006693
000000006695
000000006713
000000006714
000000006716
000000006717
000000006729
000000006737
000000006750
000000006754
000000006759
000000006762
000000006767
000000006784
000000006794
000000006799
000000006803
000000006807
000000006815
000000006816
000000006820
000000006821
000000006822
000000006827
000000006832
000000006837
000000006852
000000006853
000000006859
000000006868
000000006875
000000006880
000000006883
000000006887
000000006890
000000006892
000000006897
000000006898
000000006899
000000006911
000000006912
000000006918
000000006922
000000006924
000000006926
000000006931
000000006932
000000006934
000000006940
000000006952
000000006959
000000006970
000000006974
000000006975
000000006976
000000006985
000000006986
000000006987
000000006992
000000006995
000000007003
000000007004
000000007006
000000007021
000000007029
000000007032
000000007037
000000007041
000000007043
000000007045
000000007047
000000007055
000000007056
000000007059
000000007060
000000007062
000000007063
000000007064
000000007067
000000007071
000000007074
000000007075
000000007082
000000007085
000000007086
000000007091
000000007100
000000007105
000000007110
000000007112
000000007122
000000007134
000000007137
000000007138
000000007140
000000007141
000000007152
000000007154
000000007170
000000007175
000000007180
000000007183
000000007199
000000007200
000000007204
000000007210
000000007212
000000007213
000000007215
000000007217
000000007223
000000007229
000000007234
000000007235
000000007243
000000007258
000000007264
000000007265
000000007268
000000007280
000000007282
000000007283
000000007284
000000007287
000000007291
000000007301
000000007305
000000007309
000000007310
000000007327
000000007331
000000007335
000000007337
000000007342
000000007350
000000007352
000000007358
000000007360
000000007364
000000007366
000000007373
000000007374
000000007376
000000007377
000000007378
000000007379
000000007380
000000007383
000000007392
000000007402
000000007413
000000007417
000000007429
000000007432
000000007434
000000007437
000000007440
000000007446
000000007448
000000007450
000000007451
000000007456
000000007458
000000007461
000000007464
000000007468
000000007475
000000007477
000000007478
000000007486
000000007487
000000007492
000000007495
000000007501
000000007513
000000007515
000000007520
000000007528
000000007531
000000007532
000000007534
000000007540
000000007542
000000007546
000000007547
000000007548
000000007549
000000007550
000000007552
000000007576
000000007577
000000007580
000000007590
000000007595
000000007598
000000007599
000000007611
000000007613
000000007620
000000007622
000000007624
000000007630
000000007631
000000007635
000000007646
000000007658
000000007661
000000007662
000000007667
000000007668
000000007675
000000007681
000000007692
000000007696
000000007700
000000007701
000000007705
000000007707
000000007725
000000007731
000000007748
000000007749
000000007755
000000007773
000000007776
000000007791
000000007792
000000007793
000000007800
000000007807
000000007820
000000007828
000000007832
000000007833
000000007836
000000007837
000000007840
000000007846
000000007858
000000007860
000000007862
000000007868
000000007871
000000007872
000000007886
000000007896
000000007897
000000007902
000000007903
000000007906
000000007915
000000007919
000000007922
000000007924
000000007929
000000007937
000000007939
000000007941
000000007942
000000007948
000000007956
000000007974
000000007975
000000007976
000000007981
000000007984
000000007990
000000008003
000000008012
000000008029
000000008031
000000008035
000000008036
000000008038
000000008051
000000008059
000000008071
000000008072
000000008075
000000008076
000000008083
000000008085
000000008087
000000008088
000000008094
000000008110
000000008112
000000008113
000000008118
000000008132
000000008133
000000008135
000000008141
000000008143
000000008146
000000008149
000000008155
000000008166
000000008167
000000008172
000000008175
000000008178
000000008182
000000008185
000000008192
000000008206
000000008207
000000008208
000000008213
000000008215
000000008216
000000008220
000000008239
000000008240
000000008256
000000008260
000000008266
000000008272
000000008273
000000008282
000000008291
000000008298
000000008299
000000008304
000000008310
000000008319
000000008323
000000008327
000000008330
000000008337
000000008338
000000008342
000000008343
000000008344
000000008349
000000008352
000000008358
000000008361
000000008364
000000008368
000000008370
000000008389
000000008390
000000008393
000000008395
000000008397
000000008398
000000008400
000000008408
000000008410
000000008415
000000008416
000000008420
000000008452
000000008454
000000008463
000000008464
000000008467
000000008475
000000008479
000000008487
000000008488
000000008489
000000008496
000000008506
000000008509
000000008512
000000008513
000000008521
000000008524
000000008525
000000008527
000000008538
000000008541
000000008546
000000008550
000000008552
000000008560
000000008566
000000008570
000000008582
000000008591
000000008604
000000008608
000000008611
000000008621
000000008628
000000008631
000000008635
000000008637
000000008641
000000008650
000000008652
000000008654
000000008661
000000008664
000000008667
000000008670
000000008672
000000008675
000000008682
000000008687
000000008698
000000008700
000000008701
000000008702
000000008710
000000008713
000000008726
000000008728
000000008730
000000008735
000000008738
000000008744
000000008751
000000008768
000000008770
000000008774
000000008784
000000008788
000000008792
000000008799
000000008801
000000008806
000000008819
000000008823
000000008824
000000008825
000000008835
000000008843
000000008847
000000008858
000000008861
000000008862
000000008863
000000008865
000000008868
000000008878
000000008882
000000008893
000000008902
000000008906
000000008912
000000008913
000000008918
000000008921
000000008925
000000008928
000000008929
000000008935
000000008938
000000008952
000000008961
000000008962
000000008967
000000008972
000000008978
000000008980
000000008983
000000008988
000000008996
000000009006
000000009008
000000009010
000000009013
000000009019
000000009020
000000009023
000000009034
000000009035
000000009037
000000009044
000000009052
000000009059
000000009065
000000009067
000000009071
000000009072
000000009076
000000009078
000000009079
000000009082
000000009084
000000009086
000000009087
000000009096
000000009099
000000009107
000000009115
000000009117
000000009120
000000009121
000000009126
000000009135
000000009136
000000009146
000000009149
000000009161
000000009162
000000009163
000000009173
000000009177
000000009183
000000009193
000000009212
000000009215
000000009219
000000009220
000000009228
000000009235
000000009246
000000009250
000000009259
000000009260
000000009261
000000009265
000000009266
000000009268
000000009269
000000009276
000000009277
000000009281
000000009290
000000009294
000000009311
000000009313
000000009314
000000009318
000000009320
000000009341
000000009343
000000009344
000000009350
000000009351
000000009360
000000009363
000000009365
000000009367
000000009371
000000009374
000000009377
000000009380
000000009392
000000009393
000000009401
000000009402
000000009406
000000009412
000000009414
000000009416
000000009422
000000009428
000000009430
000000009435
000000009436
000000009456
000000009463
000000009467
000000009471
000000009472
000000009485
000000009495
000000009498
000000009518
000000009533
000000009535
000000009536
000000009537
000000009540
000000009541
000000009544
000000009545
000000009547
000000009550
000000009554
000000009558
000000009561
000000009567
000000009568
000000009570
000000009577
000000009584
000000009585
000000009588
000000009596
000000009600
000000009604
000000009612
000000009617
000000009619
000000009629
000000009630
000000009635
000000009637
000000009650
000000009653
000000009661
000000009665
000000009667
000000009675
000000009686
000000009691
000000009692
000000009694
000000009697
000000009701
000000009705
000000009718
000000009726
000000009728
000000009730
000000009731
000000009734
